dx =

     7
    15
    46
     8
    37
    36
    26
    10
    38
    44
    14
    27
    39
    25
    24
    42
    13
    43
    17
    12
    20
    34
    41
    29
     3
     1
     5
    21
    35
    23
    30
     6
    18
     2
    40
    16
    28
    33
    19
    22
     4
    47
    49
    32
    31
     9
    11
    48
    45


xval =

    0.0113
    0.0118
    0.0136
    0.0191
    0.0197
    0.0251
    0.0299
    0.0329
    0.0403
    0.0448
    0.0482
    0.0498
    0.0527
    0.0607
    0.0626
    0.0644
    0.0661
    0.0663
    0.0688
    0.0742
    0.0758
    0.0794
    0.0842
    0.0850
    0.0859
    0.0886
    0.0899
    0.0921
    0.0940
    0.0979
    0.0981
    0.1140
    0.1233
    0.1249
    0.1253
    0.1282
    0.1302
    0.1341
    0.1366
    0.1376
    0.1433
    0.1529
    0.1609
    0.1763
    0.1947
    0.2333
    0.2786
    0.2979
    0.5867


idx =

    14
    15
    26
    37
     8
    27
    13
    24
     7
    38
    12
    25
    28
    16
    10
    40
    21
    17
    44
    34
     1
    33
    29
    18
    22
    20
    42
    39
    31
    36
    47
     5
    30
    46
    43
    23
    19
    35
    41
     6
    32
     3
     2
    49
     4
     9
    48
    11
    45


xval =

    0.0072
    0.0115
    0.0173
    0.0246
    0.0258
    0.0266
    0.0305
    0.0313
    0.0314
    0.0322
    0.0423
    0.0438
    0.0439
    0.0442
    0.0469
    0.0483
    0.0534
    0.0551
    0.0558
    0.0568
    0.0576
    0.0592
    0.0608
    0.0654
    0.0683
    0.0710
    0.0713
    0.0739
    0.0781
    0.0807
    0.0812
    0.0827
    0.0847
    0.0915
    0.0931
    0.1100
    0.1135
    0.1272
    0.1282
    0.1313
    0.1441
    0.2144
    0.2290
    0.2337
    0.2387
    0.2594
    0.2904
    0.3626
    0.5301


idx =

    15
    14
     8
    26
    37
    27
    31
    44
    13
     7
    28
    10
    39
    24
    25
    38
    36
    12
    17
    16
    20
    30
    22
    43
     1
    34
    18
    40
    41
    23
    21
    33
    46
    42
    29
    35
    49
     6
     3
    19
     5
    47
    32
     4
     9
     2
    11
    48
    45


xval =

    0.0044
    0.0051
    0.0115
    0.0271
    0.0273
    0.0274
    0.0303
    0.0386
    0.0393
    0.0410
    0.0435
    0.0474
    0.0481
    0.0575
    0.0592
    0.0609
    0.0609
    0.0622
    0.0625
    0.0669
    0.0669
    0.0677
    0.0684
    0.0782
    0.0888
    0.0950
    0.0985
    0.0987
    0.1012
    0.1026
    0.1057
    0.1115
    0.1194
    0.1208
    0.1225
    0.1232
    0.1282
    0.1550
    0.1589
    0.1776
    0.1808
    0.1842
    0.1956
    0.2130
    0.2418
    0.2631
    0.3166
    0.3275
    0.4429


idx =

    15
    14
     8
    37
    26
    27
    13
    24
    25
    39
     7
    36
    38
    28
    10
    46
    41
    20
    30
    17
    16
    44
    12
    29
    18
    22
     1
    40
     6
    43
    23
     3
    33
    35
    21
    19
    34
     5
    47
    32
    49
    31
    42
     4
     9
    48
     2
    11
    45


xval =

    0.0051
    0.0060
    0.0134
    0.0173
    0.0250
    0.0278
    0.0342
    0.0391
    0.0406
    0.0406
    0.0410
    0.0468
    0.0468
    0.0476
    0.0513
    0.0517
    0.0527
    0.0584
    0.0662
    0.0688
    0.0709
    0.0710
    0.0834
    0.0870
    0.0875
    0.0945
    0.0951
    0.0968
    0.0971
    0.1005
    0.1011
    0.1070
    0.1095
    0.1101
    0.1128
    0.1139
    0.1264
    0.1347
    0.1350
    0.1380
    0.1638
    0.1743
    0.1848
    0.1918
    0.2277
    0.2451
    0.3798
    0.4222
    0.5821


idx =

    15
    14
     7
     8
    26
    37
    27
    46
    44
    24
    10
    28
    39
    25
    16
    38
    36
    35
    13
     3
    12
     6
    42
    18
    43
     1
    40
    19
    29
    17
    32
     5
    23
    20
    34
    33
    41
    30
    21
    22
     4
    47
    49
    31
     9
     2
    48
    11
    45


xval =

    0.0168
    0.0185
    0.0186
    0.0213
    0.0217
    0.0221
    0.0307
    0.0308
    0.0347
    0.0377
    0.0417
    0.0432
    0.0432
    0.0454
    0.0456
    0.0458
    0.0461
    0.0486
    0.0490
    0.0557
    0.0566
    0.0626
    0.0635
    0.0642
    0.0817
    0.0843
    0.0921
    0.0947
    0.0947
    0.0964
    0.1113
    0.1131
    0.1343
    0.1350
    0.1360
    0.1398
    0.1645
    0.1646
    0.1648
    0.1672
    0.1678
    0.1714
    0.1878
    0.2057
    0.2673
    0.2924
    0.2936
    0.3640
    0.4949


idx =

    27
     8
    15
    37
    26
    12
    13
    42
    14
    28
    46
    24
    16
    44
    40
     7
    22
    25
    10
    38
    23
    36
    33
    39
    17
    20
    18
     1
    29
    21
     3
    34
    31
     6
    35
    30
    49
    43
     5
    19
     9
    41
    32
    47
     4
    11
     2
    48
    45


xval =

    0.0128
    0.0175
    0.0185
    0.0191
    0.0195
    0.0196
    0.0213
    0.0285
    0.0380
    0.0384
    0.0404
    0.0450
    0.0558
    0.0605
    0.0664
    0.0666
    0.0900
    0.0911
    0.0947
    0.0983
    0.1010
    0.1040
    0.1046
    0.1053
    0.1081
    0.1120
    0.1161
    0.1164
    0.1220
    0.1305
    0.1378
    0.1426
    0.1470
    0.1571
    0.1612
    0.1629
    0.1646
    0.1732
    0.1741
    0.1793
    0.1889
    0.1938
    0.2265
    0.2407
    0.2527
    0.2710
    0.2761
    0.3066
    0.5006


idx =

    15
    14
    26
     8
    27
    37
    25
    24
    38
    13
    39
    10
    12
     7
    17
    36
    18
    33
    28
    44
    16
    40
    41
    20
    22
    21
     1
    34
    29
    23
     6
    30
     3
    42
    31
    35
    49
    19
    43
     5
    32
    46
     4
    47
    11
     2
     9
    48
    45


xval =

    0.0068
    0.0152
    0.0173
    0.0194
    0.0237
    0.0248
    0.0259
    0.0310
    0.0327
    0.0338
    0.0382
    0.0402
    0.0405
    0.0414
    0.0433
    0.0437
    0.0446
    0.0504
    0.0517
    0.0527
    0.0542
    0.0554
    0.0570
    0.0602
    0.0621
    0.0631
    0.0677
    0.0727
    0.0733
    0.0761
    0.0837
    0.0896
    0.0995
    0.1015
    0.1120
    0.1238
    0.1325
    0.1425
    0.1435
    0.1449
    0.1477
    0.1501
    0.1680
    0.1795
    0.2433
    0.2754
    0.2770
    0.3192
    0.4743


